//============================================================
// eAthena Chinese Translation Project 汉化组
//============================================================
// 职业等级-素质加成 数据
//
// 最新汉化修正日期: 2010.12.05
//------------------------------------------------------------
// 数据结构:
// <职业ID>,<职业等级1>,<职业等级2>,<职业等级3>,...
//------------------------------------------------------------
// 备注:
// 	<职业等级?>取值:
// 	 0 = 此职业等级不增加任何素质点数
// 	 1 = 此职业等级增加1点STR
// 	 2 = 此职业等级增加1点AGI
// 	 3 = 此职业等级增加1点VIT
// 	 4 = 此职业等级增加1点INT
// 	 5 = 此职业等级增加1点DEX
// 	 6 = 此职业等级增加1点LUK
//------------------------------------------------------------
// 初学者
0,99,0,0,0,0,0,0,0,0,0
// 剑士
1,99,0,1,0,0,0,3,0,0,0,5,0,0,0,1,0,0,0,3,0,0,0,5,0,0,0,6,0,0,0,2,0,0,1,0,0,5,0,3,0,1,0,3,0,6,0,2,1,0,1,1
// 魔法师
2,99,0,4,0,0,0,5,0,0,0,5,0,0,0,4,0,0,0,2,0,0,0,4,0,0,0,2,0,0,0,6,0,0,4,0,0,5,0,4,0,2,0,6,0,4,0,4,2,0,6,4
// 弓箭手
3,99,0,5,0,0,0,1,0,0,0,4,0,0,0,5,0,0,0,5,0,0,0,6,0,0,0,2,0,0,0,5,0,0,2,0,0,5,0,1,0,1,0,5,0,6,0,3,4,0,2,5
// 服事
4,99,0,6,0,0,0,3,0,0,0,4,0,0,0,5,0,0,0,6,0,0,0,2,0,0,0,1,0,0,0,3,0,0,4,0,0,5,0,6,0,2,0,1,0,3,0,4,5,0,1,6
// 商人
5,99,0,3,0,0,0,5,0,0,0,1,0,0,0,5,0,0,0,3,0,0,0,1,0,0,0,4,0,0,0,3,0,0,0,0,0,6,0,5,0,1,2,5,0,1,0,6,3,0,1,5
// 盗贼
6,99,0,2,0,0,0,1,0,0,0,5,0,0,0,3,0,0,0,4,0,0,0,5,0,0,0,6,0,0,0,1,0,0,2,0,0,1,0,2,0,6,0,5,0,3,0,6,1,0,5,2
// 骑士
7,99,3,0,3,1,6,0,0,3,0,1,5,3,2,0,1,0,3,3,5,6,1,0,3,0,0,0,1,6,3,0,5,0,1,0,0,3,6,2,0,5,0,0,3,0,0,1,1,5,5,0
// 祭司
8,99,6,0,6,1,0,2,3,4,4,6,1,0,0,3,5,0,1,0,0,5,6,4,0,0,5,0,1,0,2,0,6,5,0,3,1,3,2,0,6,0,0,4,4,0,3,0,0,2,0,6
// 巫师
9,99,4,5,0,4,5,2,0,0,4,2,0,1,5,0,6,0,0,4,0,0,0,4,0,2,0,5,0,0,4,0,4,5,4,2,0,6,0,3,5,4,2,0,2,0,4,2,2,4,0,4
// 铁匠
10,99,5,0,1,5,5,0,3,1,0,5,6,5,3,0,0,1,0,0,5,3,4,0,1,0,0,5,0,5,2,0,1,3,0,4,0,5,3,2,5,5,0,0,0,1,0,6,5,0,3,0
// 猎人
11,99,5,0,4,5,1,0,6,5,0,1,1,2,0,5,6,0,3,0,2,2,5,3,0,0,0,0,5,0,6,0,2,0,5,4,0,0,0,5,2,0,4,6,5,1,0,4,2,0,5,0
// 刺客
12,99,2,2,2,4,0,3,0,3,5,0,1,0,0,4,2,2,2,2,2,2,2,0,0,5,1,0,1,0,0,5,5,1,0,0,0,0,0,4,0,5,5,4,0,0,1,5,0,1,0,5
// 骑士 (骑鸟)
13,99,3,0,3,1,6,0,0,3,0,1,5,3,2,0,1,0,3,3,5,6,1,0,3,0,0,0,1,6,3,0,5,0,1,0,0,3,6,2,0,5,0,0,3,0,0,1,1,5,5,0
// 十字军
14,99,6,6,6,6,6,0,1,0,4,0,1,3,0,5,3,0,1,0,0,4,4,3,1,0,1,0,0,5,0,2,0,1,0,5,4,2,0,4,0,3,3,0,0,4,0,3,0,1,0,3
// 武道家
15,99,1,1,0,5,2,0,3,0,0,2,0,1,1,0,6,4,0,2,0,3,2,5,2,0,3,1,1,0,0,5,0,6,3,0,2,0,0,4,0,6,3,0,5,2,0,3,0,0,1,1
// 贤者
16,99,4,0,2,3,0,2,0,4,0,0,3,0,2,0,4,0,6,3,0,5,0,2,0,4,5,0,5,0,0,4,0,5,2,0,6,0,4,4,5,6,0,1,0,1,4,1,1,1,0,4
// 流氓
17,99,2,3,5,0,1,3,2,0,3,0,5,0,0,3,3,2,0,5,0,5,0,0,2,0,1,3,1,0,2,1,0,0,5,5,0,1,0,4,2,0,0,1,4,0,2,0,4,4,0,5
// 炼金术师
18,99,4,5,5,0,0,1,0,5,4,0,2,0,5,2,1,0,4,0,5,3,5,0,4,4,5,1,0,5,4,0,3,5,0,1,0,3,0,4,0,2,0,0,1,0,2,0,0,0,2,2
// 吟游诗人
19,99,5,2,1,0,4,6,5,0,6,2,2,0,4,0,5,5,3,0,5,6,4,0,0,2,0,0,0,1,0,2,0,5,3,0,2,0,0,5,0,4,6,0,3,0,0,5,4,2,0,5
// 舞娘
20,99,6,2,1,0,4,5,6,0,5,2,2,0,4,0,6,5,3,0,6,5,4,0,0,2,0,0,0,1,0,2,0,6,3,0,2,0,0,6,0,4,5,0,3,0,0,6,4,2,0,6
// 十字军 (骑鸟)
21,99,6,6,6,6,6,0,1,0,4,0,1,3,0,5,3,0,1,0,0,4,4,3,1,0,1,0,0,5,0,2,0,1,0,5,4,2,0,4,0,3,3,0,0,4,0,3,0,1,0,3
// 超级初学者
23,99,1,0,2,0,3,0,4,0,5,0,6,0,1,0,2,0,3,0,4,0,5,0,6,0,1,0,2,0,3,0,4,0,5,0,6,0,1,0,2,0,3,0,4,0,5,0,6,0,1,0,0,2,0,0,0,3,0,0,0,4,0,0,0,5,0,0,0,6,0,0,0,0,0,0,0,0,0,0,0,0,0,0,0,0,0,0,0,0,0,0,0,0,0,0,0,0,0,0,0
// 枪手
24,99,5,6,0,6,0,5,0,0,0,0,5,6,0,0,0,0,5,0,0,0,6,0,0,0,5,0,0,0,0,0,6,1,0,0,5,0,0,0,0,0,1,0,0,0,5,0,0,0,0,1,6,4,0,0,5,0,0,0,2,3,4,5,6,1,0,0,0,0,0,0
// 忍者
25,99,2,2,0,0,0,0,0,0,0,5,2,0,0,0,0,0,0,0,0,4,2,5,0,0,0,0,0,0,4,6,2,5,0,0,0,0,0,0,0,6,2,4,5,0,0,0,0,0,0,4,2,6,5,0,0,0,0,0,1,3,2,4,5,6,0,0,0,0,0,0
// 进阶初学者
4001,99,0,0,0,0,0,0,0,0,0,0
// 进阶剑士
4002,99,0,1,0,0,0,3,0,0,0,5,0,0,0,1,0,0,0,3,0,0,0,5,0,0,0,6,0,0,0,2,0,0,1,0,0,5,0,3,0,1,0,3,0,6,0,2,1,0,1,1
// 进阶魔法师
4003,99,0,4,0,0,0,5,0,0,0,5,0,0,0,4,0,0,0,2,0,0,0,4,0,0,0,2,0,0,0,6,0,0,4,0,0,5,0,4,0,2,0,6,0,4,0,4,2,0,6,4
// 进阶弓箭手
4004,99,0,5,0,0,0,1,0,0,0,4,0,0,0,5,0,0,0,5,0,0,0,6,0,0,0,2,0,0,0,5,0,0,2,0,0,5,0,1,0,1,0,5,0,6,0,3,4,0,2,5
// 进阶服事
4005,99,0,6,0,0,0,3,0,0,0,4,0,0,0,5,0,0,0,6,0,0,0,2,0,0,0,1,0,0,0,3,0,0,4,0,0,5,0,6,0,2,0,1,0,3,0,4,5,0,1,6
// 进阶商人
4006,99,0,3,0,0,0,5,0,0,0,1,0,0,0,5,0,0,0,3,0,0,0,1,0,0,0,4,0,0,0,3,0,0,0,0,0,6,0,5,0,1,2,5,0,1,0,6,3,0,1,5
// 进阶盗贼
4007,99,0,2,0,0,0,1,0,0,0,5,0,0,0,3,0,0,0,4,0,0,0,5,0,0,0,6,0,0,0,1,0,0,2,0,0,1,0,2,0,6,0,5,0,3,0,6,1,0,5,2
// 骑士领主
4008,99,1,2,6,5,3,1,1,1,0,2,5,3,4,2,0,5,2,0,1,0,0,3,0,0,1,0,6,5,3,0,5,0,1,0,0,5,2,6,0,3,1,0,3,5,0,1,1,0,5,0,0,1,2,0,0,1,1,3,0,2,0,5,0,1,2,0,4,3,0,1
// 神官
4009,99,4,0,2,3,1,0,4,2,0,0,4,1,5,0,0,5,0,0,2,4,1,3,4,4,0,5,0,5,2,3,1,0,0,4,0,0,5,1,0,6,0,2,5,0,1,5,4,0,6,3,3,0,0,0,2,5,4,3,0,1,4,5,0,0,2,4,3,2,0,4
// 超魔导士
4010,99,4,5,3,0,4,0,0,2,5,4,0,6,0,4,0,0,5,2,4,1,0,5,5,4,0,2,0,4,3,0,5,4,0,2,0,0,4,4,4,1,6,0,5,0,0,4,3,0,4,2,0,0,3,0,4,2,6,0,4,1,5,4,0,0,2,3,5,0,2,4
// 神工匠
4011,99,5,1,1,4,0,5,2,6,3,0,0,5,3,0,4,6,1,0,2,2,0,4,5,0,0,1,0,6,3,0,2,5,1,4,0,2,0,5,6,0,5,0,0,6,6,0,5,3,0,4,0,1,0,0,5,5,0,2,0,3,4,5,0,2,3,6,6,0,0,5
// 神射手
4012,99,5,2,5,5,4,2,0,1,0,2,2,3,0,6,0,5,5,0,0,4,2,5,0,1,6,5,0,2,0,5,6,3,2,0,5,6,0,2,0,5,0,4,2,0,1,5,0,2,0,6,5,0,0,4,3,0,6,2,0,5,1,6,0,0,4,0,0,0,5,6
// 十字刺客
4013,99,2,1,6,2,2,0,1,6,3,5,0,1,0,0,2,6,0,6,0,2,1,0,5,2,2,6,0,0,1,0,2,2,2,6,0,0,5,1,5,0,0,2,5,0,0,2,3,6,0,1,2,0,5,1,0,2,5,0,0,0,5,2,0,5,6,1,0,0,3,5
// 骑士领主 (骑鸟)
4014,99,1,2,6,5,3,1,1,1,0,2,5,3,4,2,0,5,2,0,1,0,0,3,0,0,1,0,6,5,3,0,5,0,1,0,0,5,2,6,0,3,1,0,3,5,0,1,1,0,5,0,0,1,2,0,0,1,1,3,0,2,0,5,0,1,2,0,4,3,0,1
// 圣殿十字军
4015,99,3,1,2,0,0,5,4,2,3,1,0,5,0,4,3,2,5,1,0,0,3,0,5,2,0,1,0,0,4,3,0,0,1,0,0,5,2,0,6,1,0,3,4,0,5,0,0,1,3,0,0,2,3,4,1,0,5,0,6,2,4,0,3,1,4,0,6,5,3,2
// 武术宗师
4016,99,1,4,3,2,0,5,0,0,1,0,4,2,6,0,3,5,1,0,0,2,2,5,0,3,0,0,1,0,2,5,0,0,4,6,0,0,1,5,3,0,0,3,0,5,2,6,4,1,0,5,0,2,5,0,0,4,0,3,1,5,0,2,0,4,1,1,5,3,4,2
// 智者
4017,99,4,4,2,0,1,0,3,5,0,0,4,2,0,4,0,5,0,1,0,5,6,4,2,3,0,5,1,0,5,4,0,2,0,5,0,1,5,4,3,0,4,0,2,0,1,5,0,0,4,2,0,5,0,2,5,1,4,0,0,2,0,5,3,4,0,6,0,4,2,4
// 神行太保
4018,99,1,2,0,6,4,3,0,0,2,5,1,2,0,0,3,5,5,0,0,6,2,1,0,6,0,5,2,0,5,0,6,1,0,2,0,0,5,5,0,0,2,3,1,4,2,0,1,0,5,6,0,5,1,0,0,5,4,2,6,5,0,1,3,2,0,5,1,0,0,2
// 创造者
4019,99,5,0,6,0,2,1,4,6,3,5,0,0,4,0,5,0,0,2,0,6,0,4,5,0,6,0,2,0,0,4,1,0,3,6,5,0,0,2,0,0,5,5,5,0,6,4,5,0,5,0,6,6,1,2,0,5,5,0,4,6,3,0,5,6,0,1,2,4,6,5
// 搞笑艺人
4020,99,2,5,0,2,1,0,5,4,2,1,6,0,2,0,5,3,0,6,1,0,4,0,5,2,0,6,0,4,0,5,0,2,1,0,0,2,0,0,5,5,4,0,5,0,1,0,6,0,2,5,0,0,2,1,0,5,5,2,3,0,5,1,5,0,2,5,0,2,4,1
// 冷艳舞姬
4021,99,5,1,0,2,0,1,0,4,5,0,2,2,2,5,5,0,3,5,0,1,0,0,5,5,2,4,6,5,0,0,2,0,5,0,1,0,0,2,4,0,5,0,5,0,5,0,2,0,5,1,0,2,4,3,0,0,2,5,0,4,2,2,6,0,5,1,2,0,5,2
// 圣殿十字军 (骑鸟)
4022,99,3,1,2,0,0,5,4,2,3,1,0,5,0,4,3,2,5,1,0,0,3,0,5,2,0,1,0,0,4,3,0,0,1,0,0,5,2,0,6,1,0,3,4,0,5,0,0,1,3,0,0,2,3,4,1,0,5,0,6,2,4,0,3,1,4,0,6,5,3,2
// 宝宝初学者
4023,80,0,0,0,0,0,0,0,0,0,0
// 宝宝剑士
4024,80,0,1,0,0,0,3,0,0,0,5,0,0,0,1,0,0,0,3,0,0,0,5,0,0,0,6,0,0,0,2,0,0,1,0,0,5,0,3,0,1,0,3,0,6,0,2,1,0,1,1
// 宝宝魔法师
4025,80,0,4,0,0,0,5,0,0,0,5,0,0,0,4,0,0,0,2,0,0,0,4,0,0,0,2,0,0,0,6,0,0,4,0,0,5,0,4,0,2,0,6,0,4,0,4,2,0,6,4
// 宝宝弓箭手
4026,80,0,5,0,0,0,1,0,0,0,4,0,0,0,5,0,0,0,5,0,0,0,6,0,0,0,2,0,0,0,5,0,0,2,0,0,5,0,1,0,1,0,5,0,6,0,3,4,0,2,5
// 宝宝服事
4027,80,0,6,0,0,0,3,0,0,0,4,0,0,0,5,0,0,0,6,0,0,0,2,0,0,0,1,0,0,0,3,0,0,4,0,0,5,0,6,0,2,0,1,0,3,0,4,5,0,1,6
// 宝宝商人
4028,80,0,3,0,0,0,5,0,0,0,1,0,0,0,5,0,0,0,3,0,0,0,1,0,0,0,4,0,0,0,3,0,0,0,0,0,6,0,5,0,1,2,5,0,1,0,6,3,0,1,5
// 宝宝盗贼
4029,80,0,2,0,0,0,1,0,0,0,5,0,0,0,3,0,0,0,4,0,0,0,5,0,0,0,6,0,0,0,1,0,0,2,0,0,1,0,2,0,6,0,5,0,3,0,6,1,0,5,2
// 宝宝骑士
4030,80,3,0,3,1,6,0,0,3,0,1,5,3,2,0,1,0,3,3,5,6,1,0,3,0,0,0,1,6,3,0,5,0,1,0,0,3,6,2,0,5,0,0,3,0,0,1,1,5,5,0
// 宝宝祭司
4031,80,6,0,6,1,0,2,3,4,4,6,1,0,0,3,5,0,1,0,0,5,6,4,0,0,5,0,1,0,2,0,6,5,0,3,1,3,2,0,6,0,0,4,4,0,3,0,0,2,0,6
// 宝宝巫师
4032,80,4,5,0,4,5,2,0,0,4,2,0,1,5,0,6,0,0,4,0,0,0,4,0,2,0,5,0,0,4,0,4,5,4,2,0,6,0,3,5,4,2,0,2,0,4,2,2,4,0,4
// 宝宝铁匠
4033,80,5,0,1,5,5,0,3,1,0,5,6,5,3,0,0,1,0,0,5,3,4,0,1,0,0,5,0,5,2,0,1,3,0,4,0,5,3,2,5,5,0,0,0,1,0,6,5,0,3,0
// 宝宝猎人
4034,80,5,0,4,5,1,0,6,5,0,1,1,2,0,5,6,0,3,0,2,2,5,3,0,0,0,0,5,0,6,0,2,0,5,4,0,0,0,5,2,0,4,6,5,1,0,4,2,0,5,0
// 宝宝刺客
4035,80,2,2,2,4,0,3,0,3,5,0,1,0,0,4,2,2,2,2,2,2,2,0,0,5,1,0,1,0,0,5,5,1,0,0,0,0,0,4,0,5,5,4,0,0,1,5,0,1,0,5
// 宝宝骑士 (骑鸟)
4036,80,3,0,3,1,6,0,0,3,0,1,5,3,2,0,1,0,3,3,5,6,1,0,3,0,0,0,1,6,3,0,5,0,1,0,0,3,6,2,0,5,0,0,3,0,0,1,1,5,5,0
// 宝宝十字军
4037,80,6,6,6,6,6,0,1,0,4,0,1,3,0,5,3,0,1,0,0,4,4,3,1,0,1,0,0,5,0,2,0,1,0,5,4,2,0,4,0,3,3,0,0,4,0,3,0,1,0,3
// 宝宝武道家
4038,80,1,1,0,5,2,0,3,0,0,2,0,1,1,0,6,4,0,2,0,3,2,5,2,0,3,1,1,0,0,5,0,6,3,0,2,0,0,4,0,6,3,0,5,2,0,3,0,0,1,1
// 宝宝贤者
4039,80,4,0,2,3,0,2,0,4,0,0,3,0,2,0,4,0,6,3,0,5,0,2,0,4,5,0,5,0,0,4,0,5,2,0,6,0,4,4,5,6,0,1,0,1,4,1,1,1,0,4
// 宝宝流氓
4040,80,2,3,5,0,1,3,2,0,3,0,5,0,0,3,3,2,0,5,0,5,0,0,2,0,1,3,1,0,2,1,0,0,5,5,0,1,0,4,2,0,0,1,4,0,2,0,4,4,0,5
// 宝宝炼金术师
4041,80,4,5,5,0,0,1,0,5,4,0,2,0,5,2,1,0,4,0,5,3,5,0,4,4,5,1,0,5,4,0,3,5,0,1,0,3,0,4,0,2,0,0,1,0,2,0,0,0,2,2
// 宝宝吟游诗人
4042,80,5,2,1,0,4,6,5,0,6,2,2,0,4,0,5,5,3,0,5,6,4,0,0,2,0,0,0,1,0,2,0,5,3,0,2,0,0,5,0,4,6,0,3,0,0,5,4,2,0,5
// 宝宝舞娘
4043,80,6,2,1,0,4,5,6,0,5,2,2,0,4,0,6,5,3,0,6,5,4,0,0,2,0,0,0,1,0,2,0,6,3,0,2,0,0,6,0,4,5,0,3,0,0,6,4,2,0,6
// 宝宝十字军 (骑鸟)
4044,80,6,6,6,6,6,0,1,0,4,0,1,3,0,5,3,0,1,0,0,4,4,3,1,0,1,0,0,5,0,2,0,1,0,5,0,2,0,4,0,3,3,0,0,4,0,3,0,1,0,3
// 宝宝超级初学者
4045,80,1,0,2,0,3,0,4,0,5,0,6,0,1,0,2,0,3,0,4,0,5,0,6,0,1,0,2,0,3,0,4,0,5,0,6,0,1,0,2,0,3,0,4,0,5,0,6,0,1,0,0,2,0,0,0,3,0,0,0,4,0,0,0,5,0,0,0,6,0,0,0,0,0,0,0,0,0,0,0,0,0,0,0,0,0,0,0,0,0,0,0,0,0,0,0,0,0,0,0
// 跆拳少年/少女
4046,99,1,1,1,1,1,1,0,0,0,5,5,5,5,5,5,0,0,0,0,2,2,2,2,2,2,0,0,0,0,0,0,0,0,0,0,0,0,0,0,0,0,0,0,0,0,0,0,0,0,0
// 拳圣
4047,99,1,1,1,1,1,1,1,1,1,1,1,1,0,0,0,0,0,0,0,5,5,5,5,5,5,0,0,0,0,0,0,0,0,0,0,0,0,0,2,2,2,2,2,2,2,2,2,2,2,2
// 拳圣 (飞行)
4048,99,1,1,1,1,1,1,1,1,1,1,1,1,0,0,0,0,0,0,0,5,5,5,5,5,5,0,0,0,0,0,0,0,0,0,0,0,0,0,2,2,2,2,2,2,2,2,2,2,2,2
// 悟灵士
4049,99,4,4,4,4,4,4,4,4,4,4,4,4,0,0,0,0,0,0,0,3,3,3,3,3,3,0,0,0,0,0,0,0,0,0,0,0,0,0,5,5,5,5,5,5,5,5,5,5,5,5
// 符文骑士
4054,130,4,4,5,3,4,0,0,0,0,1,1,4,4,3,5,0,0,0,5,2,2,4,3,5,0,0,0,0,0,4,5,3,1,0,0,0,0,0,4,5,2,0,0,5,3,4,6,6,6,4
4060,130,4,4,5,3,4,0,0,0,0,1,1,4,4,3,5,0,0,0,5,2,2,4,3,5,0,0,0,0,0,4,5,3,1,0,0,0,0,0,4,5,2,0,0,5,3,4,6,6,6,4
4096,108,4,4,5,3,4,0,0,0,0,1,1,4,4,3,5,0,0,0,5,2,2,4,3,5,0,0,0,0,0,4,5,3,1,0,0,0,0,0,4,5,2,0,0,5,3,4,6,6,6,4
// 大法师
4055,130,4,4,5,0,0,5,4,2,0,0,0,4,5,0,3,0,0,3,5,2,0,0,4,3,3,0,0,5,2,0,6,0,0,1,4,4,0,0,5,2,4,0,0,4,4,0,2,0,0,4
4061,130,4,4,5,0,0,5,4,2,0,0,0,4,5,0,3,0,0,3,5,2,0,0,4,3,3,0,0,5,2,0,6,0,0,1,4,4,0,0,5,2,4,0,0,4,4,0,2,0,0,4
4097,108,4,4,5,0,0,5,4,2,0,0,0,4,5,0,3,0,0,3,5,2,0,0,4,3,3,0,0,5,2,0,6,0,0,1,4,4,0,0,5,2,4,0,0,4,4,0,2,0,0,4
// 游侠
4056,130,5,4,4,2,0,0,2,5,4,0,0,3,3,3,0,0,5,2,0,0,4,3,5,0,0,1,1,0,0,5,2,3,0,0,0,4,4,4,2,0,0,0,2,5,2,0,0,0,4,2
4062,130,5,4,4,2,0,0,2,5,4,0,0,3,3,3,0,0,5,2,0,0,4,3,5,0,0,1,1,0,0,5,2,3,0,0,0,4,4,4,2,0,0,0,2,5,2,0,0,0,4,2
4098,108,5,4,4,2,0,0,2,5,4,0,0,3,3,3,0,0,5,2,0,0,4,3,5,0,0,1,1,0,0,5,2,3,0,0,0,4,4,4,2,0,0,0,2,5,2,0,0,0,4,2
// 大主教
4057,130,4,0,3,0,5,0,4,4,0,3,3,0,0,5,5,0,0,1,1,0,0,4,0,1,0,2,2,1,0,0,0,4,0,3,0,5,0,2,2,4,4,0,0,5,3,1,0,0,4,5
4063,130,4,0,3,0,5,0,4,4,0,3,3,0,0,5,5,0,0,1,1,0,0,4,0,1,0,2,2,1,0,0,0,4,0,3,0,5,0,2,2,4,4,0,0,5,3,1,0,0,4,5
4099,108,4,0,3,0,5,0,4,4,0,3,3,0,0,5,5,0,0,1,1,0,0,4,0,1,0,2,2,1,0,0,0,4,0,3,0,5,0,2,2,4,4,0,0,5,3,1,0,0,4,5
// 机匠
4058,130,6,1,0,0,1,0,6,2,5,4,0,0,4,6,0,0,2,0,3,3,4,5,0,0,3,6,0,0,3,0,1,1,3,6,0,0,4,4,0,0,0,3,3,1,1,0,0,5,2,0
4064,130,6,1,0,0,1,0,6,2,5,4,0,0,4,6,0,0,2,0,3,3,4,5,0,0,3,6,0,0,3,0,1,1,3,6,0,0,4,4,0,0,0,3,3,1,1,0,0,5,2,0
4100,108,6,1,0,0,1,0,6,2,5,4,0,0,4,6,0,0,2,0,3,3,4,5,0,0,3,6,0,0,3,0,1,1,3,6,0,0,4,4,0,0,0,3,3,1,1,0,0,5,2,0
// 十字切割者
4059,130,2,5,0,1,1,0,0,0,1,2,5,0,0,3,3,1,0,0,3,1,0,0,2,2,5,0,0,4,4,1,3,0,0,0,2,5,5,0,0,0,4,3,2,2,0,0,0,4,5,5
4065,130,2,5,0,1,1,0,0,0,1,2,5,0,0,3,3,1,0,0,3,1,0,0,2,2,5,0,0,4,4,1,3,0,0,0,2,5,5,0,0,0,4,3,2,2,0,0,0,4,5,5
4101,108,2,5,0,1,1,0,0,0,1,2,5,0,0,3,3,1,0,0,3,1,0,0,2,2,5,0,0,4,4,1,3,0,0,0,2,5,5,0,0,0,4,3,2,2,0,0,0,4,5,5
// 皇家卫士
4066,130,0,3,4,1,4,5,0,0,3,0,4,0,1,5,0,6,0,0,4,5,0,0,2,4,0,4,3,0,0,1,5,0,6,2,0,0,4,4,0,1,3,3,0,5,1,4,0,1,5,0
4073,130,0,3,4,1,4,5,0,0,3,0,4,0,1,5,0,6,0,0,4,5,0,0,2,4,0,4,3,0,0,1,5,0,6,2,0,0,4,4,0,1,3,3,0,5,1,4,0,1,5,0
4102,108,0,3,4,1,4,5,0,0,3,0,4,0,1,5,0,6,0,0,4,5,0,0,2,4,0,4,3,0,0,1,5,0,6,2,0,0,4,4,0,1,3,3,0,5,1,4,0,1,5,0
// 元素使
4067,130,4,4,5,3,4,0,0,0,0,1,1,4,4,3,5,0,0,0,5,2,2,4,3,5,0,0,0,0,0,4,5,3,1,0,0,0,0,0,4,5,2,0,0,5,3,4,6,6,6,4
4074,130,4,4,5,3,4,0,0,0,0,1,1,4,4,3,5,0,0,0,5,2,2,4,3,5,0,0,0,0,0,4,5,3,1,0,0,0,0,0,4,5,2,0,0,5,3,4,6,6,6,4
4103,108,4,4,5,3,4,0,0,0,0,1,1,4,4,3,5,0,0,0,5,2,2,4,3,5,0,0,0,0,0,4,5,3,1,0,0,0,0,0,4,5,2,0,0,5,3,4,6,6,6,4
// 宫廷乐师
4068,130,4,0,3,0,5,0,4,4,0,3,3,0,0,5,5,0,0,1,1,0,0,4,0,1,0,2,2,1,0,0,0,4,0,3,0,5,0,2,2,4,4,0,0,5,3,1,0,0,4,5
4075,130,4,0,3,0,5,0,4,4,0,3,3,0,0,5,5,0,0,1,1,0,0,4,0,1,0,2,2,1,0,0,0,4,0,3,0,5,0,2,2,4,4,0,0,5,3,1,0,0,4,5
4104,108,4,0,3,0,5,0,4,4,0,3,3,0,0,5,5,0,0,1,1,0,0,4,0,1,0,2,2,1,0,0,0,4,0,3,0,5,0,2,2,4,4,0,0,5,3,1,0,0,4,5
// 漫游舞者
4069,130,5,4,4,2,0,0,2,5,4,0,0,3,3,3,0,0,5,2,0,0,4,3,5,0,0,1,1,0,0,5,2,3,0,0,0,4,4,4,2,0,0,0,2,5,2,0,0,0,4,2
4076,130,5,4,4,2,0,0,2,5,4,0,0,3,3,3,0,0,5,2,0,0,4,3,5,0,0,1,1,0,0,5,2,3,0,0,0,4,4,4,2,0,0,0,2,5,2,0,0,0,4,2
4105,108,5,4,4,2,0,0,2,5,4,0,0,3,3,3,0,0,5,2,0,0,4,3,5,0,0,1,1,0,0,5,2,3,0,0,0,4,4,4,2,0,0,0,2,5,2,0,0,0,4,2
// 修罗
4070,130,2,5,0,1,1,0,0,0,1,2,5,0,0,3,3,1,0,0,3,1,0,0,2,2,5,0,0,4,4,1,3,0,0,0,2,5,5,0,0,0,4,3,2,2,0,0,0,4,5,5
4077,130,2,5,0,1,1,0,0,0,1,2,5,0,0,3,3,1,0,0,3,1,0,0,2,2,5,0,0,4,4,1,3,0,0,0,2,5,5,0,0,0,4,3,2,2,0,0,0,4,5,5
4106,108,2,5,0,1,1,0,0,0,1,2,5,0,0,3,3,1,0,0,3,1,0,0,2,2,5,0,0,4,4,1,3,0,0,0,2,5,5,0,0,0,4,3,2,2,0,0,0,4,5,5
// 基因学者
4071,130,4,4,5,0,0,5,4,2,0,0,0,4,5,0,3,0,0,3,5,2,0,0,4,3,3,0,0,5,2,0,6,0,0,1,4,4,0,0,5,2,4,0,0,4,4,0,2,0,0,4
4078,130,4,4,5,0,0,5,4,2,0,0,0,4,5,0,3,0,0,3,5,2,0,0,4,3,3,0,0,5,2,0,6,0,0,1,4,4,0,0,5,2,4,0,0,4,4,0,2,0,0,4
4107,108,4,4,5,0,0,5,4,2,0,0,0,4,5,0,3,0,0,3,5,2,0,0,4,3,3,0,0,5,2,0,6,0,0,1,4,4,0,0,5,2,4,0,0,4,4,0,2,0,0,4
// 逐影
4072,130,6,1,0,0,1,0,6,2,5,4,0,0,4,6,0,0,2,0,3,3,4,5,0,0,3,6,0,0,3,0,1,1,3,6,0,0,4,4,0,0,0,3,3,1,1,0,0,5,2,0
4079,130,6,1,0,0,1,0,6,2,5,4,0,0,4,6,0,0,2,0,3,3,4,5,0,0,3,6,0,0,3,0,1,1,3,6,0,0,4,4,0,0,0,3,3,1,1,0,0,5,2,0
4108,108,6,1,0,0,1,0,6,2,5,4,0,0,4,6,0,0,2,0,3,3,4,5,0,0,3,6,0,0,3,0,1,1,3,6,0,0,4,4,0,0,0,3,3,1,1,0,0,5,2,0
// 扩充超级初学者
4190,125,1,2,0,3,0,4,5,0,6,0,1,2,0,3,0,4,5,0,6,0,1,2,0,3,0,4,5,0,6,0,1,2,0,3,0,4,5,0,6,0,1,2,0,3,0,4,5,0,6,0
4191,108,1,2,0,3,0,4,5,0,6,0,1,2,0,3,0,4,5,0,6,0,1,2,0,3,0,4,5,0,6,0,1,2,0,3,0,4,5,0,6,0,1,2,0,3,0,4,5,0,6,0
// 影狼
4211,125,5,0,4,0,2,3,0,1,6,0,5,1,2,0,4,6,3,0,1,5,2,0,6,3,4,0,5,0,2,0,1,4,0,5,4,0,3,5,1,0,2,4,1,0,5,6,2,1,0,5
// 胧
4212,125,5,0,4,0,2,3,0,1,6,0,5,1,2,0,4,6,3,0,1,5,2,0,6,3,4,0,5,0,2,0,1,4,0,5,4,0,3,5,1,0,2,4,1,0,5,6,2,1,0,5
