// 物品精练的数据
// 武器：每级精练的效果值, 每x精炼增加的防御效果, 精练的安全范围, Lv.1 %, Lv 2 %, Lv.3%, ect...
// 防具：安全范围精练的效果值,过安全精炼效果最大值, 精练的安全范围,武器过n级精炼的奖励值, 武器n级设置,Lv.1 %, Lv 2 %, Lv.3%, ect...

  1, 4,4, 0, 0, 100,100,100,100, 60, 40, 40, 20, 20, 10,100,100,100,100, 90, 60, 60, 30, 30, 10,	// 防具
  2, 3,7, 2,15, 100,100,100,100,100,100,100, 60, 40, 20,100,100,100,100,100,100,100, 90, 60, 20,	// Lv.1 武器
  3, 5,6, 4,15, 100,100,100,100,100,100, 60, 40, 20, 20,100,100,100,100,100,100, 90, 60, 30, 20,	// Lv.2 武器
  5, 8,5, 7,15, 100,100,100,100,100, 60, 50, 20, 20, 20,100,100,100,100,100, 90, 75, 30, 30, 20,	// Lv.3 武器
  7,14,4,12,15, 100,100,100,100, 60, 40, 40, 20, 20, 10,100,100,100,100, 90, 60, 60, 30, 30, 10,	// Lv.4 武器


